4
-0.4943986261685063 -1.315414924546894 -0.8422824620588659 -1.5570905127525918 -0.6157297915528156 -0.25948256799720393 -0.6541010950340006 -0.9411561539847352 -1.3880411229486562 -0.34724834661640713 
-1.3275151053597345 -2.2359685586661775 -2.1572288239741257 -3.2775708954779845 -2.2202623942795383 -1.0870907328981556 -1.7791871524676732 -2.527755334944365 -1.7885154966004866 -2.491525680793608 
-2.7936307460192125 -1.7129907747181856 -1.5586854715961898 -6.601264704571867 -2.1187658939406693 -2.1602251529899656 -3.4719963045145215 -2.1648544396749414 -2.680644827096733 -1.8601606517813174 
-0.287647429764276 0.8438227275768054 1.0974824421578826 -0.4451633472588105 0.44528361466337435 0.12669214097085033 -0.38593356782295823 -0.302043707520219 -0.5846472437008567 -0.01995660796904781 
-0.28587509017036977 -0.14666024468512412 0.011944227087152563 -0.0453125152500485 -0.719014942726362 0.5582993963121416 0.07605801232395659 0.1683129682026105 0.053023815923821556 -0.3378010888993089 
1.0304397542506445 0.17512112874790509 -0.3398525932104406 -0.5486194306932753 -0.45222993982593784 -0.14224575727789018 -0.01060601155936571 -0.7854400640235654 1.185326425735929 0.8037839041662314 
-0.37608534030317964 -0.01252897183406097 -0.18356536553001435 -0.17155798800055466 -0.27741303224681957 -0.499243999637887 0.801681946334956 -0.44585895285462995 -0.4827986672966924 -0.5180621180764895 
0.2812973523631922 0.8816613590408947 0.1571230228655317 0.37599522410140085 -0.6496775228445427 -0.49803423885066944 1.0585952216945835 -0.2202352421572486 -0.2776287488330552 -0.10436373262736919 
-0.6042075335616083 -0.5494769951273618 -0.3079856357925395 0.13060727911437442 0.7429788476122844 0.8480188277165207 0.14184020118253213 0.16016636627259476 0.7837180765840511 -0.051263823095095314 
0.5958831953620894 -0.4057129314213143 1.0145743141690333 -0.7754815133430092 0.7608870624806942 0.33111048842656304 -0.7870541704950108 0.9294944113359759 0.25530945088019 0.8486717627927581 
0.9178619794002623 -0.9193227140799638 -0.6035963759570199 -0.3258854819907262 0.8039019064281343 0.2538842826553761 0.038109821322561854 0.6719265993492619 -0.29111815185564704 0.24087824701269803 
-0.12584324156335483 0.6223532494753637 -0.2738182908234643 0.7089848349757303 -0.4350089609451995 0.6023398177888918 -0.7251629113151329 -0.3138463767400014 -0.7862333421819973 0.22369882794539772 
0.019932021271948427 0.5817988403733861 -0.39896182016822485 -0.4022256123454036 0.2765753393357419 -0.18529242046977065 -1.2506689347647317 0.7869031302319837 0.45180472323868487 0.12544903566292753 
